-6.002271640123223   -5.898249022493715   21.50933433325002
-5.998237260094316   -5.981294794807266   21.36557952204747
-5.99999287796583   -6.0693871534425945   21.2277152220782
-6.007485386541993   -6.16237677584221   21.096066751864786
-6.020655580475976   -6.2601161342624785   20.970956297687273
-6.0394393853070625   -6.362457594527134   20.85270404198194
-6.063765588083551   -6.469251030701321   20.741627807932012
-6.093560037398718   -6.580344078817254   20.638044710864175
-6.128740706871399   -6.695575309983398   20.54227019162692
-6.169222894288943   -6.8147791658551204   20.454619222989738
-6.214913863041223   -6.937775104707812   20.375405015087164
-6.2657167285608795   -7.06437375909236   20.304939744414643
-6.3215271104010915   -7.194368295166799   20.243532998292245
-6.382233296621671   -7.32753394428874   20.191491261699653
-6.4477172480233   -7.4636299268540265   20.149117607768495
-6.517849104274681   -7.602385380256142   20.116707448529976
-6.59249374673368   -7.743516015071796   20.09455222918042
-6.671499857713952   -7.886697022934931   20.082929011766648
-6.754709985587156   -8.031588465082104   20.082108786739525
-6.841948425006926   -8.177806958032319   20.092341888265086
-6.933028981687879   -8.324944798234856   20.11386569323423
-7.027748358361566   -8.472556389920326   20.146893943680112
-7.125885081450376   -8.620157341654304   20.191613216771344
-7.227203306780605   -8.767234250170617   20.248186416700733
-7.331444784602892   -8.91323002099081   20.316737563902038
-7.43833121282005   -9.057551561739578   20.39735193452556
-7.547564572692041   -9.19957200185931   20.490074712136455
-7.658821669848801   -9.338624940632846   20.594895498598206
-7.771758559292012   -9.474014411929263   20.711754430202006
-7.8860063507894465   -9.60501201010139   20.840528473412814
-8.001171407583612   -9.730862283485179   20.981025882573817
-8.116838227405196   -9.850789177165604   21.13299035465159
-8.232564515559716   -9.96399783328678   21.296079059007507
-8.347887115789334   -10.069684753833306   21.469874929203076
-8.46231997199394   -10.167042714746797   21.65387288121926
-8.575355676841186   -10.25527158013173   21.847473863115212
-8.686470087548797   -10.333584143206824   22.04999688462789
-8.795120999452546   -10.401221476893204   22.26065645478877
-8.900754566664936   -10.457459088937624   22.478581523880205
-9.002806935083125   -10.501619088910013   22.7028083806427
-9.100708925246485   -10.5330882824509   22.9322789742351
-9.193890433321828   -10.551316126168816   23.165860730409523
-9.281785851359457   -10.555844091725623   23.40233464593486
-9.363839264296884   -10.54630304060904   23.640418297851284
-9.439509243732324   -10.522425409752994   23.87877035940252
-9.50827826049838   -10.48406786351434   24.116000173314895
-9.569653142201325   -10.431194048357156   24.35068802257971
-9.623177871163838   -10.363908057674836   24.58139378799335
-9.668435659158403   -10.2824403468785   24.806677989196004
-9.705053405665408   -10.18714945941668   25.025114123852916
-9.732715480573882   -10.07854008469416   25.235313394769587
-9.751156837022869   -9.957231593559134   25.4359323169045
-9.76017718433189   -9.82397519986907   25.625697698670475
-9.759641704757195   -9.679637445719923   25.80342125977579
-9.749483167693745   -9.52518861641343   25.96801327321786
-9.729703677730445   -9.361690625233384   26.118494985060167
-9.700376690004271   -9.190284067144942   26.254011604575904
-9.661647813005324   -9.012172475004698   26.37384339636655
-9.613731963768567   -8.828603684852213   26.47740916942257
-9.55691109102605   -8.640853226714517   26.564269544575968
-9.491531860904477   -8.450207434536194   26.634129933158466
-9.418002511755422   -8.257945448502058   26.686841824999274
-9.336786378591267   -8.065322589310037   26.72239550136984
-9.24839628203826   -7.873555995635228   26.74091364328362
-9.153388951098925   -7.683810881948425   26.742644768368233
-9.052358987911845   -7.4971866299722345   26.727955838806004
-8.945930914106512   -7.31470782467858   26.69731839169674
-8.834752202678862   -7.137317115931846   26.65129639370091
-8.719486640671384   -6.965868935995206   26.590534791928484
-8.600807489162726   -6.801124261068821   26.515747569072513
-8.47939007991807   -6.643744542305595   26.427705792597127
-8.3559068010293   -6.494307306955624   26.327219443483532
-8.231019385444514   -6.353284518797171   26.215134382805832
-8.105375435246941   -6.221065937082368   26.09231419055654
-7.979603262280428   -6.097953616103055   25.959634322189405
-7.854305450824806   -5.984164159140999   25.81797098433717
-7.7300606834467365   -5.87984775148568   25.668195233690504
-7.607413843968366   -5.785077693833004   25.511163655667715
-7.486879854236199   -5.699871658056247   25.34771519372534
-7.368939683685005   -5.624191994990116   25.17866608061179
-7.25403666880126   -5.557951360403916   25.004803680790232
-7.142582795643907   -5.501026718590692   24.826889715869232
-7.03494998846426   -5.453257206330256   24.645651214491817
-6.931477526072395   -5.414457433385395   24.4617855957995
-6.832470064876689   -5.384419986223892   24.275958148112323
-6.738196208558589   -5.362920722838317   24.08879976364821
-6.6488961306748395   -5.349725505520818   23.90091381356455
-6.56477547087606   -5.344592329047056   23.712869820591877
-6.48601294493301   -5.347276650832536   23.52521066304577
-6.41275967072767   -5.3575336839583   23.338451796232974
-6.34514074427597   -5.375121530052094   23.153082738915636
-6.283257931289713   -5.3998032145349   22.969569762830922
-6.227191468313913   -5.431348342786969   22.78835774717076
-6.17700174311227   -5.469534416403418   22.60987195994494
-6.132730972202947   -5.514147812750548   22.434519884003436
-6.094405218025218   -5.5649841455920726   22.262693408959016
-6.062036044350905   -5.621848361194853   22.094770686354856
-6.035622011396371   -5.684554577562354   21.931117849111075
-6.015149985004814   -5.752925726362524   21.772090589067187
-6.000596636825908   -5.826792701510595   21.61803589030801