  -6.5446602613940534e+00  -6.5609942060864004e+00   2.1917371530336695e+01
  -6.5474435666841373e+00  -6.6243419797981877e+00   2.1826798549529713e+01
  -6.5533864520872775e+00  -6.6871099862601273e+00   2.1744984081725210e+01
  -6.5583138250617603e+00  -6.7248699712063216e+00   2.1699162603104380e+01
  -6.5627384732437095e+00  -6.7539253394593377e+00   2.1665507248567831e+01
  -6.5734284013383277e+00  -6.8136314139136553e+00   2.1600427055059033e+01
  -6.5828953534929768e+00  -6.8590592051438799e+00   2.1554339244867123e+01
  -6.5892720002703680e+00  -6.8870914458179877e+00   2.1527286547945305e+01
  -6.6033036364292315e+00  -6.9436578565031457e+00   2.1475741707908657e+01
  -6.6171495028932714e+00  -6.9944531993233721e+00   2.1432740129125296e+01
  -6.6247487254867972e+00  -7.0207318191442871e+00   2.1411653092257687e+01
  -6.6413288941756141e+00  -7.0749854143812225e+00   2.1370507773242434e+01
  -6.6589489619693092e+00  -7.1289405298535975e+00   2.1332646925455290e+01
  -6.6672694369253955e+00  -7.1533383649677678e+00   2.1316488607159553e+01
  -6.6861347011781316e+00  -7.2065208347164935e+00   2.1283268419824378e+01
  -6.7070524403846417e+00  -7.2625691640129775e+00   2.1251127935412732e+01
  -6.7159559351783722e+00  -7.2856309318567378e+00   2.1238731645485274e+01
  -6.7370026976948614e+00  -7.3385158790556826e+00   2.1212075859608209e+01
  -6.7615217200975097e+00  -7.3976100329415537e+00   2.1185129461822342e+01
  -6.7712568512025380e+00  -7.4204142591148630e+00   2.1175511938620410e+01
  -6.7939823760923401e+00  -7.4723565135694150e+00   2.1155192328937837e+01
  -6.8236481912240281e+00  -7.5377431950415428e+00   2.1132680610923607e+01
  -6.8347642398387096e+00  -7.5616141476930565e+00   2.1125296900266680e+01
  -6.8577347181526180e+00  -7.6099595497896333e+00   2.1111686798410094e+01
  -6.8954115516041981e+00  -7.6866732014785413e+00   2.1093722482493860e+01
  -6.9086012928958178e+00  -7.7128427793772847e+00   2.1088598184869543e+01
  -6.9291701265208010e+00  -7.7530031955591090e+00   2.1081715585444215e+01
  -6.9769088789200637e+00  -7.8434236313542822e+00   2.1070522175681795e+01
  -6.9946222227559796e+00  -7.8760680562211940e+00   2.1067931463515926e+01
  -7.0108616050391088e+00  -7.9055975877114486e+00   2.1066246547220999e+01
  -7.0596818666743291e+00  -7.9922324130456666e+00   2.1064899541474862e+01
  -7.0936717103158546e+00  -8.0507987151600133e+00   2.1067021224505826e+01
  -7.1128450710343101e+00  -8.0832470061161139e+00   2.1069250279457926e+01
  -7.1506276593581353e+00  -8.1460179648157247e+00   2.1075701102692790e+01
  -7.2043751959047135e+00  -8.2328061751332076e+00   2.1089295972424750e+01
  -7.2276122489838954e+00  -8.2694724882208881e+00   2.1096686321002487e+01
  -7.2502345877211871e+00  -8.3046961377142292e+00   2.1104717379154891e+01
  -7.3045356413662175e+00  -8.3874217684410368e+00   2.1127217975991712e+01
  -7.3534026738535125e+00  -8.4597767692275774e+00   2.1151169200389727e+01
  -7.3785566932296280e+00  -8.4962827788040176e+00   2.1164803553308044e+01
  -7.4108167862751966e+00  -8.5423906481716347e+00   2.1183544218233980e+01
  -7.4670758803900181e+00  -8.6209440256565593e+00   2.1219489825172641e+01
  -7.5153289226903492e+00  -8.6864998956955084e+00   2.1253509688620554e+01
  -7.5427219005845005e+00  -8.7229875919639834e+00   2.1274093746233063e+01
  -7.5783630866829306e+00  -8.7696866209551843e+00   2.1302222792895400e+01
  -7.6346330573112473e+00  -8.8416574717845293e+00   2.1349668245247845e+01
  -7.6868402729120184e+00  -8.9065365241255794e+00   2.1396940434081355e+01
  -7.7156479734387151e+00  -8.9415632431782512e+00   2.1424342118395696e+01
  -7.7483645231109159e+00  -8.9806789894944767e+00   2.1456584142586014e+01
  -7.8039014357273802e+00  -9.0454660016296096e+00   2.1514021677957761e+01
  -7.8589361469543535e+00  -9.1076632437814400e+00   2.1574271314530556e+01
  -7.8930743930261702e+00  -9.1452371731583373e+00   2.1613302121944830e+01
  -7.9224225067825200e+00  -9.1769180919538744e+00   2.1647868857259102e+01
  -7.9719783380351084e+00  -9.2290980844524046e+00   2.1708362438627272e+01
  -8.0255592692109854e+00  -9.2836320628073885e+00   2.1776784537237791e+01
  -8.0711914099715614e+00  -9.3285021533333055e+00   2.1837544156676209e+01
  -8.1001520522396611e+00  -9.3562132490131944e+00   2.1877303605295349e+01
  -8.1363506853628333e+00  -9.3899973292888923e+00   2.1928321421271171e+01
  -8.1880412732941323e+00  -9.4365588683413630e+00   2.2003753000651844e+01
  -8.2389808382717984e+00  -9.4804479407881015e+00   2.2081114916323486e+01
  -8.2747663626384291e+00  -9.5100536686420387e+00   2.2137300145460337e+01
  -8.3024817290107933e+00  -9.5322649481412149e+00   2.2181879728649768e+01
  -8.3442617187184123e+00  -9.5645253995608126e+00   2.2250879046582209e+01
  -8.3928183864228121e+00  -9.6000989060457247e+00   2.2333863489708893e+01
  -8.4405177784645371e+00  -9.6329333609648984e+00   2.2418418645553043e+01
  -8.4694018362460550e+00  -9.6517481180925611e+00   2.2471139730404882e+01
  -8.4951209612699348e+00  -9.6677937117391313e+00   2.2519082280406924e+01
  -8.5381632129019511e+00  -9.6930886258280964e+00   2.2601498303258960e+01
  -8.5830142313567510e+00  -9.7172523943989564e+00   2.2690420986408654e+01
  -8.6268858396897876e+00  -9.7385657763464497e+00   2.2780590222275062e+01
  -8.6506554543901260e+00  -9.7490899600379368e+00   2.2830836067681162e+01
  -8.6736946608655145e+00  -9.7585651738479875e+00   2.2880518854949411e+01
  -8.7149685768488734e+00  -9.7736464949869255e+00   2.2972068358251885e+01
  -8.7555092823492267e+00  -9.7859090154221118e+00   2.3065393563155364e+01
  -8.7942629444741893e+00  -9.7950349366533906e+00   2.3158039733691492e+01
  -8.8143859756765082e+00  -9.7986845642839224e+00   2.3207577952122818e+01
  -8.8347905333166175e+00  -9.8015680978348669e+00   2.3258878726624708e+01
  -8.8716394264732923e+00  -9.8045233914120224e+00   2.3354459879906386e+01
  -8.9071898735955291e+00  -9.8043344552797649e+00   2.3450615025612041e+01
  -8.9402110707462654e+00  -9.8011252307756873e+00   2.3543842688697584e+01
  -8.9566108738588071e+00  -9.7983169496758222e+00   2.3591703685470836e+01
  -8.9737973894305529e+00  -9.7944220921991061e+00   2.3643080810495398e+01
  -9.0050867767361868e+00  -9.7845561838685953e+00   2.3740167559478710e+01
  -9.0348617477069322e+00  -9.7713458398558739e+00   2.3837430481898668e+01
  -9.0611924814010809e+00  -9.7559693734917943e+00   2.3928143305549657e+01
  -9.0735386336725110e+00  -9.7473682761625131e+00   2.3972444357255537e+01
  -9.0873042025637609e+00  -9.7365841793012589e+00   2.4023354745208742e+01
  -9.1121802646351959e+00  -9.7133986271736390e+00   2.4120049091215684e+01
  -9.1352757891170473e+00  -9.6866554995156360e+00   2.4216437938506523e+01
  -9.1536558619401323e+00  -9.6607537818881237e+00   2.4299001922876922e+01
  -9.1618572647927206e+00  -9.6475499523009027e+00   2.4337929431669405e+01
  -9.1723760146147555e+00  -9.6288112765081646e+00   2.4390144383187721e+01
  -9.1898829618293227e+00  -9.5919683215122120e+00   2.4484226538800428e+01
  -9.2052919132129905e+00  -9.5513740059106880e+00   2.4577404187280383e+01
  -9.2150115578311826e+00  -9.5198561843806253e+00   2.4643691367358393e+01
  -9.2193290288382403e+00  -9.5037604916264122e+00   2.4675800989369673e+01
  -9.2264058446536907e+00  -9.4734671405265960e+00   2.4733410327669027e+01
  -9.2355379938477355e+00  -9.4229693422367866e+00   2.4822282587603041e+01
  -9.2422151631470459e+00  -9.3686005546225850e+00   2.4909508587388846e+01
  -9.2444835865194541e+00  -9.3415389258987975e+00   2.4950102707730398e+01
  -9.2455839338683479e+00  -9.3245227146808443e+00   2.4974758443646657e+01
  -9.2474679690504047e+00  -9.2749175346201120e+00   2.5043113935141264e+01
  -9.2472835281222068e+00  -9.2113404064324644e+00   2.5123831907512276e+01
  -9.2448686982034793e+00  -9.1534589275390381e+00   2.5191389499397868e+01
  -9.2438532196840786e+00  -9.1374246722648458e+00   2.5209193362594728e+01
  -9.2419054436766537e+00  -9.1114288548310469e+00   2.5237269054029500e+01
  -9.2346962888929127e+00  -9.0395865710136523e+00   2.5310097783617888e+01
  -9.2244954005949555e+00  -8.9643090278827291e+00   2.5379544852649893e+01
  -9.2195578232176416e+00  -8.9332581773675575e+00   2.5406309552211962e+01
  -9.2172165447901975e+00  -8.9193627550049897e+00   2.5417949148744768e+01
  -9.2057805355748261e+00  -8.8571889745505477e+00   2.5467578266202029e+01
  -9.1884642338906986e+00  -8.7753935651199253e+00   2.5527105456695651e+01
  -9.1752898982996420e+00  -8.7197365439658938e+00   2.5564104972161246e+01
  -9.1723608465408120e+00  -8.7079497746360541e+00   2.5571592392765037e+01
  -9.1616931063294977e+00  -8.6665340538094426e+00   2.5596965057012977e+01
  -9.1374665116018399e+00  -8.5796458399943809e+00   2.5645622564872802e+01
  -9.1138050896440426e+00  -8.5020760540562108e+00   2.5684066748458310e+01
  -9.1102614239853779e+00  -8.4909593132539918e+00   2.5689203844148238e+01
  -9.1028623973614646e+00  -8.4681189246190325e+00   2.5699471495688275e+01
  -9.0719957055313127e+00  -8.3775914700606364e+00   2.5736446449871590e+01
  -9.0383276344507966e+00  -8.2860343870309219e+00   2.5767972842520621e+01
  -9.0320193267738844e+00  -8.2695782674578115e+00   2.5773028770368235e+01
  -9.0272069994650810e+00  -8.2571587624027938e+00   2.5776722916889394e+01
  -8.9915787890722747e+00  -8.1685061433994228e+00   2.5800086607334151e+01
  -8.9519727662471222e+00  -8.0758721523579311e+00   2.5818943984834963e+01
  -8.9373963088791211e+00  -8.0431339750869757e+00   2.5824266345247697e+01
  -8.9304082642162363e+00  -8.0276751411125158e+00   2.5826537198035776e+01
  -8.8950838827012380e+00  -7.9517019546730081e+00   2.5835443988643956e+01
  -8.8500885326470478e+00  -7.8596544329277949e+00   2.5841221765776165e+01
  -8.8254209025604204e+00  -7.8111907956758166e+00   2.5842049935277014e+01
  -8.8150711484645949e+00  -7.7912455004799890e+00   2.5841944988323171e+01
  -8.7814762094874261e+00  -7.7279880720317804e+00   2.5839881822570515e+01
  -8.7318031837873420e+00  -7.6382976715529418e+00   2.5832395651605736e+01
  -8.6955585620469940e+00  -7.5754878465766833e+00   2.5823910628048566e+01
  -8.6809281762349180e+00  -7.5507196896727367e+00   2.5819816946408945e+01
  -8.6505845161504809e+00  -7.5003667433764596e+00   2.5810168781996001e+01
  -8.5971311324017279e+00  -7.4148078617354960e+00   2.5789605796325791e+01
  -8.5486176933593416e+00  -7.3403800696379387e+00   2.5767301520726900e+01
  -8.5293079794705893e+00  -7.3115575863373312e+00   2.5757521510689642e+01
  -8.5035673197713955e+00  -7.2738147730885654e+00   2.5743721762999204e+01
  -8.4473688323012244e+00  -7.1939908956442284e+00   2.5710700678347152e+01
  -8.3906852170449469e+00  -7.1168686525170841e+00   2.5673599459877259e+01
  -8.3631383923880058e+00  -7.0805571858630039e+00   2.5654263953165273e+01
  -8.3391133675271529e+00  -7.0494892816314394e+00   2.5636728408392344e+01
  -8.2850114426657804e+00  -6.9815126394889608e+00   2.5595019053631049e+01
  -8.2270477193683487e+00  -6.9116220420678438e+00   2.5547042783656686e+01
  -8.1864414894441104e+00  -6.8644030375555340e+00   2.5511478574829731e+01
  -8.1588245244071569e+00  -6.8330858413770628e+00   2.5486394067124230e+01
  -8.1133874033250226e+00  -6.7829333886389831e+00   2.5443574271911643e+01
  -8.0551222173714709e+00  -6.7210627832542063e+00   2.5385898665290945e+01
  -8.0035493357935401e+00  -6.6685337464642602e+00   2.5332300384578481e+01
  -7.9732043710302136e+00  -6.6385894273969912e+00   2.5299659409622961e+01
  -7.9362069866950442e+00  -6.6030335956847921e+00   2.5258763174813648e+01
  -7.8785384763156667e+00  -6.5496782939014722e+00   2.5192617190037470e+01
  -7.8213341061671100e+00  -6.4992163972144770e+00   2.5124116029227878e+01
  -7.7865576437941080e+00  -6.4697314400571901e+00   2.5081060951103485e+01
  -7.7545597602490490e+00  -6.4433972875040348e+00   2.5040496929220897e+01
  -7.7009471193653836e+00  -6.4009837380658832e+00   2.4970472512939651e+01
  -7.6453576643839023e+00  -6.3592774452429914e+00   2.4895100346239708e+01
  -7.6027890384685399e+00  -6.3289170111157729e+00   2.4835438232714541e+01
  -7.5703272314992134e+00  -6.3066942500436136e+00   2.4788782290098261e+01
  -7.5258394207972801e+00  -6.2775626513823353e+00   2.4723173054999727e+01
  -7.4725612340267809e+00  -6.2447264634217552e+00   2.4641982862131517e+01
  -7.4253003834671292e+00  -6.2175170830167916e+00   2.4567481314019233e+01
  -7.3932826921102048e+00  -6.2001362791099082e+00   2.4515629695914669e+01
  -7.3564817557886473e+00  -6.1812387647278957e+00   2.4454600997653202e+01
  -7.3061620413043045e+00  -6.1573308711940395e+00   2.4368564216753033e+01
  -7.2571224716520257e+00  -6.1362717055684124e+00   2.4281671324768485e+01
  -7.2264149758450982e+00  -6.1242641902893151e+00   2.4225636943464213e+01
  -7.1959191606514263e+00  -6.1132792446093136e+00   2.4168681014351993e+01
  -7.1491793666380010e+00  -6.0983523924884899e+00   2.4078702698515354e+01
  -7.1036425921946744e+00  -6.0861746908871091e+00   2.3987675027389862e+01
  -7.0724632352515098e+00  -6.0792799735260159e+00   2.3923269209095018e+01
  -7.0445054435500500e+00  -6.0741637952505698e+00   2.3863968769743348e+01
  -7.0044785405449224e+00  -6.0687217202958852e+00   2.3776310719898319e+01
  -6.9633188188377266e+00  -6.0656450567249607e+00   2.3682445724662372e+01
  -6.9339933630965671e+00  -6.0651694393272937e+00   2.3613006890674555e+01
  -6.9090422056154965e+00  -6.0659991858705364e+00   2.3552070843383969e+01
  -6.8748242548579190e+00  -6.0691706432050445e+00   2.3465430525619077e+01
  -6.8387004409034446e+00  -6.0753873564920919e+00   2.3369602366728557e+01
  -6.8134492556510491e+00  -6.0817267102743537e+00   2.3299566627634071e+01
  -6.7921475370933324e+00  -6.0885229355539936e+00   2.3238260538695862e+01
  -6.7629261569263672e+00  -6.1003073992849552e+00   2.3150370818819532e+01
  -6.7325509614833488e+00  -6.1161019363854585e+00   2.3053533285827033e+01
  -6.7131467524315438e+00  -6.1284500092142595e+00   2.2988171802146642e+01
  -6.6960420196603794e+00  -6.1410679317093058e+00   2.2927866765578283e+01
  -6.6714572264643301e+00  -6.1626218170319476e+00   2.2835884022026939e+01
  -6.6485376907778866e+00  -6.1872741061341543e+00   2.2743049183019192e+01
  -6.6351486163176219e+00  -6.2042847553189926e+00   2.2684760945527362e+01
  -6.6218295058641621e+00  -6.2236371751266821e+00   2.2623001803981293e+01
  -6.6030237938846001e+00  -6.2563983747685672e+00   2.2527365474181103e+01
  -6.5895529092794582e+00  -6.2853561314969975e+00   2.2450344096466011e+01
  -6.5809873247314821e+00  -6.3072317796466830e+00   2.2396004953041938e+01
  -6.5708874185538333e+00  -6.3381383137487370e+00   2.2324023597107715e+01
  -6.5600536275808841e+00  -6.3815038832541573e+00   2.2231033823096656e+01
  -6.5550639125967507e+00  -6.4080416150656365e+00   2.2178073183537343e+01
  -6.5512554565922159e+00  -6.4338367316189951e+00   2.2129110129939260e+01
  -6.5465212893304683e+00  -6.4826938369178846e+00   2.2042386866958012e+01
  -6.5450126559701465e+00  -6.5136047230109995e+00   2.1991137752087958e+01
  -6.5447592781066151e+00  -6.5231097002581819e+00   2.1975893484982237e+01
