-6.00227164012415   -5.898249022493417   21.509334333250557
-6.000074145932972   -6.07095934581068   21.225376990776795
-6.0212138174963075   -6.263591483516349   20.96673586484705
-6.0651822972353635   -6.474929220118366   20.736048211392337
-6.131380215954702   -6.703722457457039   20.535920696270995
-6.219120301965056   -6.948618549951553   20.36894052858493
-6.327620803124335   -7.208088083488403   20.237672965447427
-6.455990165067127   -7.48034687980233   20.144643573048334
-6.603203622192355   -7.763276385224152   20.09230307167461
-6.768072788843872   -8.054345416040203   20.08297249127558
-6.949209532082845   -8.350537257172144   20.118766395123377
-7.14498554348756   -8.648286838540095   20.201491826276598
-7.353492228150633   -8.943438993852457   20.33252669733534
-7.57249593184279   -9.231221623995944   20.512663499323658
-7.799405657755954   -9.506268565281738   20.741946267696775
-8.031245628084354   -9.76267822811939   21.019486920640787
-8.264642022101235   -9.994127898928262   21.343276331175044
-8.495831419643023   -10.194053060734232   21.71001132241806
-8.720695069790063   -10.355890833809731   22.11495624541615
-8.934822660682446   -10.473384267329564   22.551857496206384
-9.133609535648812   -10.540938728813478   23.012934371057284
-9.312389950756113   -10.55401196221741   23.488971960555986
-9.466602595293068   -10.509496486365178   23.96953817810746
-9.591980286663286   -10.406061233406055   24.44331768975404
-9.68475407565023   -10.244411811574063   24.89855594664422
-9.741860250278013   -10.027435050832464   25.3235921808362
-9.761124829556033   -9.760175432981258   25.707435406017588
-9.741411172870473   -9.44964935021259   26.04032382179816
-9.68272359079603   -9.10451100967111   26.31423043983578
-9.586232403842887   -8.734570632290543   26.52322595450279
-9.454245653992988   -8.350247397915831   26.663713509218606
-9.290098315210916   -7.961989861745065   26.734459947310025
-9.097996435343173   -7.579734635113035   26.736488724067645
-8.882808748500274   -7.212454431131086   26.672808674469852
-8.649841033683785   -6.86782120979247   26.5480622797541
-8.404601962356065   -6.552012031082097   26.36811018505753
-8.152583648211104   -6.269641171116441   26.13961690848427
-7.899069529522882   -6.0238175268047085   25.869662672220407
-7.6489797253643195   -5.816285060540346   25.565416949260722
-7.406756702839967   -5.647620593700553   25.233881556938407
-7.1762917919354345   -5.517462314057952   24.881706429839454
-6.960892959979188   -5.424745701060083   24.51507698520391
-6.763284316510977   -5.367921346372223   24.139660028049565
-6.585631034059916   -5.345145421009604   23.76059515683459
-6.429581874973518   -5.354436721746319   23.3825183943603
-6.296326066425354   -5.393798324052017   23.009610213768532
-6.186655846155688   -5.461302913388834   22.645655905937158
-6.101027454596366   -5.555146983575566   22.294108673879467
-6.039622440213817   -5.673675848735974   21.958155883379273
-6.0024006429540915   -5.815385950833957   21.64077909784264